METRIC=UTM
DEVICE=auto
DEPTHS=1-65
STATE_DEPTHS=0-65
NEIGH_DEPTHS=1-65
SEARCH_DEPTHS=1000
TRAIN_PER_DEPTH=1
VAL_PER_DEPTH=1000
TEST_PER_DEPTH=300
SEARCH_PER_DEPTH=100
SEED=42
STATE_EPOCHS=1024
NEIGH_EPOCHS=4096
STATE_LR=0.00002
NEIGH_LR=0.00002
STATE_STEPS_PER_EPOCH=51
NEIGH_STEPS_PER_EPOCH=4
STATE_BATCH=20000
NEIGH_BATCH=8192
LABEL_BATCH=1024
TEACHER_BATCH=65536
BEAM_WIDTH=65536
BEAM_WIDTHS="4096 8192 16384 32768 65536 131072 262144"
MAX_DEPTH=200
TESTS=100
PLOT_BOOTSTRAPS=1000
